cond,seg,p000,p001,p002,p003,p004,p005,p006,p007,p008,p009,p010,p011,p012,p013,p014,p015,p016,p017,p018,p019,p020,p021,p022,p023,p024,p025,p026,p027,p028,p029,p030,p031,p032,p033,p034,p035,p036,p037,p038,p039,p040,p041,p042,p043,p044,p045,p046,p047,p048,p049,p050,p051,p052,p053,p054,p055,p056,p057,p058,p059,p060,p061,p062,p063,p064,p065,p066,p067,p068,p069,p070,p071,p072,p073,p074,p075,p076,p077,p078,p079,p080,p081,p082,p083,p084,p085,p086,p087,p088,p089,p090,p091,p092,p093,p094,p095,p096,p097,p098,p099,p100
7kg_10bpm,1AB,956.49925789,902.612884558883,853.8295614377872,824.071862733781,820.6304219292518,844.8713988079409,876.8167599325034,908.0123900277289,925.5047640715758,934.7609764935296,932.1735006171824,915.6645311163596,885.4406477706174,835.8436225192396,777.1294812288955,709.9978353331463,647.1978516539012,595.5528440233772,565.6054101736457,544.0267092904838,501.86858731116564,463.466056283267,449.9974588349319,438.7352496298502,417.387210757849,396.6536261750328,374.6302739255442,338.4036977814191,311.1380149766076,289.87421767707434,284.92050674476036,290.08044044094584,297.4401829110232,302.81235413472484,304.67195427366033,312.1827849003932,326.17212335389394,343.24417859880856,359.8244639591978,374.3287426465895,389.8210572832727,408.98343646162294,434.08874809468784,467.8242085788913,508.8722124324476,561.1209262665022,620.5749863304767,676.6153473957246,727.3197369815944,763.5526839891864,802.25760468,845.8857290564904,886.7247810883822,939.215940391972,983.1753825397864,1013.5341370595563,1036.1609181180143,1063.0741423784755,1085.3469429712711,1102.810976335871,1121.1956856747402,1137.653757195419,1153.3700374804926,1166.8624936137892,1158.626327894506,1139.6557150850417,1116.9082870708355,1104.9579644565076,1095.7612108436683,1083.0239060657377,1068.726047174561,1067.3265321082733,1070.9626084051238,1081.5884876273508,1079.4887112292952,1068.7930392652586,1064.9512988037397,1066.0928980530805,1067.6208058023437,1067.9420314177767,1065.464893741945,1061.744206990272,1053.8757203110924,1041.5407255055002,1034.127857677652,1034.4151067307823,1043.5588018971891,1063.9759837798704,1093.273581527943,1128.5569601574991,1181.038466141848,1217.7932220089758,1233.0837597162554,1251.7684195167692,1278.4406995055756,1326.1588626171588,1332.8987227373423,1286.4394941531273,1252.3211085603793,1193.0172486467306,1185.3996558
7kg_10bpm,2AB,852.53055009,819.5543349637321,782.8864316187662,752.2846590706441,734.7129666289063,733.6603117893683,744.8389456190428,760.8869097433337,774.6076536123637,777.6568856755557,767.4186852310368,744.8216571975353,714.0500866051117,677.5293387910122,640.2089426288666,607.1558790030962,579.2029300404519,554.5385610226683,529.8238924157398,502.08350368180413,471.2842571820095,439.31244872104355,408.66239184782074,380.8644957169789,357.341188002578,339.0370877826638,325.36320049394146,314.60697178459594,303.6740073937337,290.88824985545574,276.0167628968181,259.3997482134806,247.65662488591477,240.4539259373867,238.9070610468684,248.05930575184613,268.823821351972,298.50083437457226,333.74986785322795,371.6878869386934,410.70879756744176,450.24816331091586,490.52727010634544,531.6221914708991,573.5965229760784,614.3828115842852,653.2588361618933,687.7752493198968,718.7143920727899,749.314779368968,783.4125862853042,817.6384706482063,851.5849987170428,880.8979997519425,902.7334452606053,918.9691619830301,932.405256738136,944.7133871438818,958.5802259747112,974.6516422791077,991.3273869509266,1006.2042402173795,1017.9488313664577,1026.5140839632636,1033.5679959479276,1041.3187823032292,1050.357782743518,1059.4186852826058,1064.2635405069245,1062.47751620971,1052.8657138512162,1038.7182991756335,1025.5730327464792,1016.5794681347163,1011.9906650551857,1009.6913921990383,1006.4810368051635,1001.3868910809048,993.811831218884,981.9023314573434,963.0010059259465,936.1558727703816,903.4798054223864,870.5979539671092,847.8731938542048,846.5781662842003,873.241475209755,926.5566751538686,994.9573171181851,1060.8373342017546,1110.3939059482561,1139.0834208117326,1154.999370135731,1171.3222598719094,1205.2660614296394,1266.6216178104287,1335.278753146418,1377.6444558556293,1376.564626773939,1338.5615070714157,1274.23729606
7kg_10bpm,3AB,927.60766936,861.241888401001,794.4224686682,740.0575144463859,707.8549822361085,702.3751417818573,718.587680331829,744.1955800573342,767.812555483829,780.1393622785209,774.556289089639,750.9549716420444,713.263251213023,668.7731436138192,624.2278996206669,584.3116045626354,554.2199306224566,528.9501657464305,503.71786639268817,475.6094315891162,442.10513962420833,403.09746134832153,360.87554141622536,318.3876599646374,279.55447629617186,248.14785441412835,225.7164591045083,214.04967360173063,211.15070517534284,212.54414153285273,215.0658468726394,217.37919565772054,221.05825832013204,226.4141246690249,233.41468547179556,244.2582792567172,261.3561863664402,285.91666707091014,317.5900203004505,354.9055165135603,394.2699325301738,431.8581166057557,465.79648846915967,497.0895318950044,528.8992853364857,564.4019419957657,604.5333433352636,648.2440097358864,693.1456018742166,734.3592162098629,767.03249302,790.5051947924338,811.2943449041173,830.7750583167605,853.4277113156452,877.8548772138716,900.9842076762675,921.9347157541667,938.6324988884235,956.4215996486329,976.3464296195008,996.9311703541252,1015.1661752332476,1027.4488448150742,1031.602770690022,1028.014337380564,1020.3106039949769,1012.7929731798848,1007.5999458645629,1003.4991606755583,998.6865714594996,998.1390527090133,1004.0704507747563,1016.056917051749,1032.5011669303801,1051.112658769313,1069.9106292086217,1084.2061010995521,1090.934264725422,1089.5246805062673,1080.6412130012457,1065.747105140553,1047.4433738842206,1032.2529385750315,1024.6844601521877,1029.337827391488,1052.5571726146668,1083.4862674521669,1113.1581830513383,1133.1053208960307,1139.8369619527612,1136.7658754766474,1132.1850442671437,1137.120722405353,1159.821716316898,1202.5929691744896,1258.8984721848763,1319.745151995479,1375.7175577078644,1415.1326505511008,1429.37129542
7kg_10bpm,4AB,981.54939167,917.5556157891517,852.7244377065272,799.3706666251821,767.174120981461,760.7683229792582,777.707120208296,809.2957286053512,841.511088547915,860.9006633542554,858.8235750378498,834.2544154732537,791.5324658179004,737.7908056784485,681.6652801774039,630.3737872483462,590.1712833478697,556.5573388162003,523.9816754038446,489.8950664239654,453.33637510158997,414.5473999743384,375.1718161575198,336.5150795792213,298.98173172118055,262.9561600526642,228.38251181478168,195.18130367499973,163.6597821312448,137.51073001322385,124.4233699952742,120.15386632509063,123.8731591645389,133.31125390259893,148.77009502592102,169.39991773809334,193.912158760737,221.4989870835604,251.6063203781367,283.72618569495154,316.66411229158444,349.4188820667208,381.70644808838927,413.426738964995,444.60810312644384,475.2085372621873,505.13868347637043,534.5114382172668,562.8411138145631,590.0996458180997,618.2218591233471,649.3719373289899,683.1506278627021,716.5355958722847,747.7364575254855,778.6403339966314,810.3021173272723,846.9389627659918,887.9990150658505,930.1170029766672,968.2345558419036,1000.140548541844,1024.3857767711831,1042.8045310144953,1059.1488927310538,1076.8417355223992,1097.447505933306,1119.1851553490103,1139.3856846941896,1152.2594176920493,1153.9038895163098,1140.5359431324669,1111.267703430918,1069.9789517800782,1026.1185925887996,989.8582662723,966.0854307949871,955.319692030435,955.2166094364193,961.5249484708856,969.2270339331669,974.1986215518111,972.9852880256742,963.3478634884871,946.4967282709122,930.3106191776509,930.9483945851582,963.7447921157959,1028.7537463741219,1103.8465889457166,1159.6872679344249,1172.2337266104796,1138.7022780202838,1088.3012079995315,1051.8942960140791,1043.99905893647,1071.3730403711975,1132.9842960865894,1213.5807461098448,1280.254183912672,1309.49186558
7kg_10bpm,5AB,888.09369556,831.8368403483612,772.7459818847456,720.5785114765757,683.3536161354089,667.0665242100001,672.0926052889059,689.6692611736047,707.3068585762485,714.1320089016865,707.8394775299998,687.8656080244714,659.6954449935025,628.7802198330546,599.2706460768853,572.3485088399999,547.5844188463955,524.9784474715333,504.69004773504304,486.08483935061923,469.83606961,451.1813435261,427.1053516680576,397.33166092424364,363.3318253351625,327.89975866,294.24294329409173,264.5266869654071,239.4024023777207,218.67180505249388,203.16801999,196.98190016674047,199.94200315134063,207.6290035572116,220.19570674459712,235.46030779,253.34643227652475,275.5362806344147,301.7440770152291,330.69461653776614,361.47459929,393.16351430282344,425.20831280349387,457.8393161102502,491.03079135905097,523.6202081499999,554.1135304044878,582.265992529271,609.3642340808841,635.0222429986907,661.6539027599999,688.6895283499451,715.8585721028617,743.1219313180251,772.2326214649389,802.44564284,835.858692255112,868.5225159719461,901.622574033963,933.1370403194747,963.8683031199996,993.0996480411395,1020.8298841751897,1045.1606615242006,1063.918587424023,1076.03958853,1082.3045307003688,1084.1327872599552,1084.963747052247,1087.8115983793327,1092.86164281,1098.7907871426416,1103.0456219235132,1103.8353343403912,1101.0547477883674,1095.8545870300002,1089.6064916243995,1082.5609522505729,1074.3165818082384,1064.509058892716,1053.6145287200002,1043.040082065292,1034.8983985857305,1032.6392407209303,1038.2354759664443,1050.8525546,1067.0460749293059,1083.5036639152236,1098.7252676899463,1113.711365495603,1131.8411680199997,1157.9481959661782,1194.0592258866648,1246.5467137474207,1304.8594425863114,1363.52391871,1414.4264723923172,1449.7075986618042,1461.7342155381439,1444.0010509971435,1394.83059883
7kg_10bpm,6AB,954.93602384,879.7759016048878,800.9168159028787,730.8439326573267,682.2077375644874,662.2672600697395,671.0154394455722,700.0174533368997,732.722352221631,754.7328395035086,757.5376818402561,737.8929790169329,701.1194192929963,655.7116210172824,609.3511103583268,567.7304856696553,531.836180012442,501.442408966363,478.1695847803443,456.92148189729414,434.291992890114,408.99210639544816,380.09279286562764,346.7425831953497,309.4488990773479,271.0229985835595,235.17117612602146,204.54379825310343,181.2139350481513,167.26483645948505,160.51831518109518,156.94978068970036,158.84843952071753,166.80487781610077,182.3027943363791,204.87584886279382,232.40695540279745,262.6052375463378,293.958663515642,325.7233863235015,356.5768650000701,384.65875350682006,409.7861806692104,434.01800174965035,460.3436375709711,491.40326435260806,528.4034320157391,570.7058267951611,615.9072008300739,661.0187505579016,703.68867924,742.9998812561943,779.1745328507699,812.5939247774356,842.885376199197,869.0190047312225,891.1359592560266,908.7080372069316,925.9210138650337,944.920502563373,967.7865703659527,992.9060516378519,1016.0819622031606,1032.3220882833346,1038.5600751874663,1035.324935967976,1026.6939563738463,1017.3110828464388,1010.2530889081042,1008.1665517098924,1011.9908977339114,1020.3016124525908,1029.9619810200286,1036.7401055137157,1035.7374000315606,1028.3694537759263,1017.6130736870252,1007.0914249604057,1001.1222500313908,1002.2798619603564,1010.5632909351125,1024.6259399523783,1043.854608386764,1067.5477091419948,1093.7076002550607,1116.7981954412628,1132.2039485571072,1138.5195155861265,1135.2072330409258,1123.9240500777232,1109.3718340987896,1088.0648036732778,1067.8827632204582,1057.8321779575256,1059.301601984355,1074.7237840374914,1103.840678529913,1150.5672820533312,1211.7359430411007,1277.7127174571342,1334.96864147
7kg_10bpm,7AB,893.52432131,835.8541282909061,781.9215088370487,737.5867717481035,708.9805566296398,700.32929281787,712.3659506781763,738.1326019512526,763.7398864627938,773.8205254816273,759.7066763465718,725.0268837656696,678.888436688033,630.4946406307706,584.8456671620299,544.0524453314717,508.7881507204455,477.94684784496656,448.8841140223209,418.98240254502343,388.3729895790013,357.5316918324427,325.57481035912247,292.9490409825151,261.18134700464793,232.12855461515733,207.3814667458971,186.98464740589336,172.11667824244077,161.48899534751453,159.4284751285498,166.74455033432125,180.26636505694765,197.84119492010586,218.19974970337927,243.09068129942867,272.86331517451345,305.20551681439815,337.2523736118553,367.4670627534633,396.43729297538823,425.86069760956053,456.7930268666681,488.6824331650619,520.3563177074768,551.3046755713019,580.6481210561112,608.0009332904937,639.207055013708,676.0483480135688,716.5221647883081,756.126460419095,791.1448148907311,819.3101132940599,842.398382999271,863.5052956792016,885.3582861044295,910.0329448983399,936.4712159668043,962.2980552209258,983.7455519527821,998.0567009697493,1005.4307266166599,1009.7740713097886,1014.3603274607069,1019.7937563156124,1023.1561383321175,1022.2428896126693,1018.0402194830948,1015.7356836605244,1020.8463338678346,1035.1081059346207,1055.1358187469173,1075.0697247587168,1088.6280738747823,1090.859150754141,1082.4845890704914,1067.1433697838659,1048.5725075408775,1029.9022560574122,1010.9527341799189,992.911583428526,976.481395738573,963.7550054757359,958.2010675020149,963.2538128174086,986.7243180883888,1021.7609513378385,1058.1046235780261,1082.9953508977246,1089.4830674303894,1077.8031436921756,1051.272355625717,1024.0632857720398,1013.9301709945203,1035.237874534641,1093.683348292773,1183.7171423011314,1280.6981622372336,1355.31846019712,1384.27561836
7kg_10bpm,8AB,951.4755077,876.7894616506838,794.5292334389118,716.9618216011961,660.5398091897879,635.9671060622367,642.1659888073457,665.7977951243059,693.2641761908384,711.7596298101662,715.8567803684465,703.3342023264369,675.9474805958093,637.7873459631885,595.5566731891402,554.2258497275603,515.3209535916931,478.431607198742,444.22593779341065,411.9842102822645,380.3180732363076,350.5312539819225,324.06207561075536,301.2316334112362,282.7346789053275,268.70114402010245,255.61997339958023,242.6675983727216,229.8912607345758,219.2059342141101,213.9623019623472,212.2831044530895,212.81915695231038,218.49013427975274,231.1593755685878,251.16161320481115,277.01702269335254,305.4064871365442,333.8244983934351,361.4974163040531,388.28570719245977,415.15612731859085,444.695999351083,479.6738987846834,520.0911373363093,563.1728946258431,605.5941420199983,645.2005000579342,682.1747513166246,718.522511341891,755.12859354,792.0741337663286,824.919108896632,853.3935406769499,874.5138128807499,889.6024282267293,901.6175816894222,913.7925793732883,928.1671787993143,943.3350888733621,959.571157656117,974.0792363827546,985.8584753271626,995.7781555959257,1004.4873232604756,1011.2546065341353,1014.4818392893665,1015.3539976579145,1015.3981790532481,1014.8490105903735,1013.0933490885537,1009.7320548020734,1007.8064608552548,1011.4300422388451,1020.5874982907053,1033.4792582814678,1046.3948937154764,1054.2778238165095,1053.298398770826,1041.902480060652,1021.7545855491887,998.515187422088,976.8455865115748,959.3018015236912,947.8559075664177,944.7002207581511,951.3061538831257,970.785815760213,1002.696324834458,1041.9120371869274,1080.7218777569171,1105.769168311957,1107.925338650118,1090.336398368117,1070.972463722401,1064.8282697155198,1086.0693304496897,1143.8832183148154,1226.5295962269095,1305.0709218482134,1349.5797968
7kg_10bpm,10AB,868.88862188,810.4646647148276,740.8779746010741,672.8606066291742,620.4171183289491,597.241818449449,604.8944125802707,630.275427256572,653.0451161218394,657.1568687091195,640.6342475394717,610.2824499051578,573.5712476371003,534.1080457991818,493.78979691059345,455.55658882541803,421.0304456520926,390.42197747894517,362.7437976757004,338.2547379363915,315.8249477633806,295.8647890563444,278.2657603508869,262.19527718494277,251.4667716707341,252.90176537918845,262.53816574144616,277.359431443083,295.21116488065303,312.94657538667013,326.92956025282336,336.43253923567835,343.10769590853124,348.44734704395887,354.38419385109086,363.1067646826379,375.35278914391034,389.7348961266207,404.53066108032465,418.0478946526939,429.71966980617304,440.2890408762415,452.0539282045346,466.00659088722944,483.21874503275757,505.42499979408655,533.3228280811553,566.3236865883503,603.2846366824404,644.8956051228895,689.19418145,731.3134935100219,768.0107241835289,799.2941832474457,829.7297961445815,864.8628778196893,903.9175815786468,941.7874001329227,968.1085028615142,983.8894739009811,992.777666865632,999.1669982224057,1004.6895078298544,1012.7693688601585,1030.102401137039,1057.9924260864723,1080.5470941566723,1070.2777744326,993.3947717434103,874.5494140562814,785.9917953316891,794.1624179761236,898.9148205808258,1027.8177962380685,1073.6801733859998,1014.5606324185475,936.762771666524,892.0449276159686,891.9174465719988,933.654657224706,993.083240699783,1027.9682641859345,1015.0301953045603,967.9047974628952,919.3710559947481,892.6698627256673,893.9132786397251,916.5826600753919,944.9110177329958,966.164599431605,979.2232037863616,989.8737729105659,1004.7322748695603,1026.4947001330022,1050.4755898992296,1067.3196614319677,1070.1971648364618,1061.620926995772,1054.030436716867,1053.92901252374,1062.08348907
7kg_10bpm,11AB,862.37799285,770.01303323964,677.785800854727,620.9282770065266,613.6666065206452,641.9235471308183,675.2141106444495,687.8696260685973,673.8893802124951,643.7541599751628,613.275785052586,586.7118557843353,563.3474846202216,537.3010362156248,501.91872061651316,454.26828279809064,398.24626343668746,342.0466123840233,290.19694113828245,249.17560364181622,223.70888385,214.03372475048454,215.6506514267188,222.1494441819185,228.69458145595272,233.07378049105142,234.2447576155123,235.78877149585017,244.01138974183476,261.7037957228823,286.7496441126582,314.71179279616956,339.1207559839744,356.53454217630986,369.9138543290474,383.95782887597784,402.07422382392247,424.56318846430366,450.9426845869715,480.07274002403005,511.95762546,547.349746802098,586.0675113049879,628.398352857976,672.2104919660692,715.3354130315552,757.4241660021045,796.9288313530598,829.6940034233847,858.4255482817728,885.5561922554737,910.5814421128039,934.9094250878624,958.9967466088054,979.8690684057956,994.0651466131176,1000.5174705857175,1002.4572063237416,1006.4780661530385,1014.6862271022615,1022.2818954200001,1020.3478091088812,1012.4567405931986,1001.4826096420014,980.6470265343534,914.1852201677797,811.7484213316534,724.787817383915,744.8925167528922,874.191134293288,1001.131919165478,1050.6942621697715,1026.9565397775236,979.749055687365,939.9804686243026,918.0798848791746,912.043722891296,915.2652735647337,918.0692120439465,917.4593060289776,920.5686400100001,936.7347539175796,963.2697956915257,989.643941201734,1006.476436738869,1005.3036495916692,985.2143419011551,962.450647436005,947.8532867469097,941.3133481167761,934.7016219977469,929.0363600207141,927.405010229926,931.2293000209153,944.3578216049988,966.3590902410125,990.2018780342498,1012.4359677760324,1042.1143864221822,1079.9894722778477,1117.9244193
7kg_10bpm,12AB,848.24030284,798.2368009603199,724.038915469562,647.742577536369,596.1139683839817,581.5242638977087,597.6822202938779,624.3216082730667,641.4150724266334,638.7998250470204,618.8492570153858,589.8207286397278,559.2179706646118,528.8068652215495,498.1794792891356,467.4216597563416,441.36276533899013,416.3842549731836,390.44477103361726,361.25661263033464,328.66090839029727,295.1017997380284,263.12913147428714,235.31063945485883,215.50026987180124,204.08000689403642,201.13470370646934,205.9459444440405,214.67947262210365,225.09761190793992,240.78247123019418,260.6096769146238,280.7303832840699,296.41191131702624,308.4695719222175,320.3519955309643,334.9429247155794,353.6607567621089,375.700006824326,399.63618752135136,424.0296664186779,448.51248863975314,473.8224636191601,500.85618447408166,529.1015810871577,558.5739470001278,591.4965146711158,629.9404847419315,673.6620200036805,717.7458093094482,753.09439893,777.0748254862056,791.4223988822796,803.0468787714872,816.8388322836242,833.5783410853959,853.0915343214875,874.0169893365268,896.5145850558299,918.0475207634893,936.0301895115977,949.3374586204778,955.4468443456918,954.1553502237642,952.1795684541592,958.9052555015179,980.6835498336138,1010.7781146629633,1037.7739008138942,1033.5487137324858,962.7836191871417,834.5113254137111,731.3281801842517,745.0492715332064,863.4891755236434,997.1344321916208,1043.489772291289,1011.8011382799185,954.7841244154473,895.35232991376,843.4136397909114,805.4313173588059,796.0029487566211,810.6440272011893,839.1870202993902,874.3248576261162,913.1326211812753,952.997970031955,982.9553286744256,991.3524249754889,974.6184371368945,939.8716049474373,899.2007590788887,864.188481165004,843.3918050066624,844.0568895503345,871.3652845917111,919.711920749447,976.3906620176018,1027.221257183817,1060.82813572
7kg_10bpm,13AB,1049.50206034,954.1871231761086,845.8432685003145,757.0241956013912,708.2558052777345,704.3013193881626,731.1294871261522,763.7144902038226,781.2167760957065,774.3119675199871,745.67285538,704.971081925485,662.5732945699991,621.2180739615054,581.7780180207686,546.7300484095542,516.8934127904029,491.0604253144737,467.16128484852294,442.6997238342252,414.1555916399998,379.3298527848645,339.84050865008766,297.6679191217534,254.80952215090014,214.73407702316769,181.08164432544731,156.25014346487882,141.3824717590505,136.90874718742683,142.4618105,155.9753088636965,174.72295390326667,197.1543267256141,222.43381067263493,251.3319198197114,280.879579606167,309.37143715249897,335.69102848333955,359.44197439531274,381.35334819000025,402.6522630331381,425.4825033617793,453.1562584188793,489.712371788114,538.364326778658,595.483136708466,653.076657750687,703.515897815594,740.514721895823,765.0843688700002,784.6540123220849,803.5996643066514,823.7274344067744,848.3733751703335,875.5806972743419,904.6346124387093,935.1543941386892,963.2344601539896,985.9437501497324,1000.0963948300001,1011.7638478014853,1026.110193257544,1047.4130937238554,1074.7114812079444,1102.3475186492392,1126.6673771173994,1115.0930686440677,1045.8456098292343,929.9921714085574,818.085511479999,765.3577826857004,808.5480200626159,920.8424486965491,1025.9703572053586,1065.4481634116025,1024.368549500758,945.4404217212654,863.6656617292147,807.547059642275,785.1838822299999,795.8735054590071,827.331848424335,873.3817818888747,928.2410094828821,993.6255830683006,1070.0367389806465,1137.6030635373581,1176.6356749407234,1167.464672541747,1109.7184658199997,1024.1024407747489,943.3641316530084,891.0011251516742,865.3375549229478,886.219108987016,957.122133536964,1076.8899005927703,1213.4624587151193,1311.4097962543929,1339.40934739
7kg_16bpm,1AB,791.99151814,751.3299284085206,707.9018644364346,668.3969707848438,637.6734338190196,624.5726045061131,629.2447224969449,646.7732129083392,667.098485140795,681.0767011228234,682.5049029373013,671.1237593017527,650.007921560025,623.4561427183204,599.4471180760645,575.5437974131635,549.2079334414218,519.7505734275998,488.19990421562113,455.778546842183,423.36393175000006,391.22357293378445,359.50666497703173,328.53938909894975,299.14974565878106,271.652957660443,246.12329341845512,223.60115810237264,204.8446666048701,192.7651024247691,186.00223351227012,182.8024206330964,183.1660015972079,186.78450300030633,195.07436890087075,209.1795245314624,227.13476102186775,246.83155232419432,266.7714751528067,286.6981000161444,307.66138685999994,330.1195081930462,354.76555332517484,382.0738957930662,412.7799256654747,447.9823374292688,489.2925219633352,537.411177642747,590.058276639178,641.250608760679,685.7486135498672,721.0371321037943,748.4021185199085,771.1990966444988,792.8820283459676,815.9250505907274,840.5477458069082,867.9002443252782,898.6014482004862,930.6018235975338,961.66973583,987.2476510634166,1004.9496260550326,1011.7198540362067,1010.1678691521969,1003.918809681779,997.5825637479861,995.1061142292997,996.484146684267,1000.6524611525788,1004.6353394464809,1005.2539415979948,1002.6831680643868,996.9804340148846,989.1979587049979,982.606723077682,980.8072917010577,978.8117894260138,975.1294509969081,968.8875165302971,960.52905619,952.5721662003139,949.419185032237,958.7402169270388,981.346002761042,1012.6403016891766,1045.7618969586972,1075.326959551659,1107.8675597279923,1135.924148457108,1155.7769520980191,1159.747279653616,1145.6572638131047,1126.0072844607341,1120.6552349677904,1138.1725857678014,1167.9371824792463,1188.0057349149556,1183.564318124756,1153.156085529105,1105.32288996
7kg_16bpm,2AB,916.88864158,854.2043104947358,793.4352598514536,742.6833906690122,709.8706004264847,696.5055486187968,699.6256422567228,707.7548472998216,714.5956739900334,713.3508710622473,701.1974488868052,677.5999563373168,645.6502497815364,611.0946856181909,580.7406455805963,553.1274280187231,527.5242737592865,501.8443637434484,473.4296185003727,439.70656201152815,400.4182414250239,357.9433325379399,316.2335739640157,279.2253208110467,249.0631707032532,225.5247021368696,211.7011285265814,204.45473236117832,201.18309984398076,200.15284316176346,199.16233743821405,198.06246693545197,195.64128592119692,193.98831842346954,197.31291486876066,207.731881985715,225.06413848050326,247.32985299167598,272.3160059569344,298.7537641608745,326.66770562890133,356.6538656833975,389.43928856319764,426.4127031746804,468.79269681123526,514.1826287707707,560.1019534317472,603.2648849949287,641.0625448582155,672.3197910810377,697.5153761130038,718.8340918695426,739.3785413891812,760.7909982154896,783.5189130959151,807.8500204396055,834.9099316967175,864.0158759316736,894.6009582419805,923.2266348609581,945.6433389872733,957.9470211839254,960.5843891658443,958.1870699214821,956.0094505230412,956.7635033628986,961.5796002209378,969.6690521252258,979.8887022889107,989.6471569332388,995.13282784139,992.5585825859727,979.4058241213729,955.530253654518,925.8588770942416,897.8061500119046,882.5609422875066,884.5080962153955,898.0214616467248,911.5878308520646,916.3583383800557,911.369162616297,902.9864926701719,898.5668304550237,903.0985441547042,916.9122994136155,937.8838692951701,963.1045588814073,989.448723900217,1014.0663725977756,1037.0713745116873,1057.665904285128,1079.5838830771888,1109.5463919828064,1153.4537487449256,1204.020579221319,1244.963740118883,1255.8530750307627,1223.9639782909082,1158.6523701331002,1079.00068284
7kg_16bpm,3AB,814.68025705,822.6295299495994,817.7478599926375,791.0063485099018,748.9137161832047,700.9534269010542,657.5207190200458,633.0740735169877,628.0419025549638,639.1216447031272,656.2756311355115,667.3566690497111,663.6553531350933,646.4991121167494,618.9613729499044,582.7894456051497,543.0657671311042,502.87888545929144,463.2444655028059,425.6960489898854,392.51791729979874,364.90024752818977,342.4134775753587,323.46328366881386,305.6848039632174,288.9977694903332,273.4633276054702,258.90599116061395,242.28823155178236,220.9380387839099,198.30835118353514,180.97374910568016,170.75182582820233,168.9038795926323,176.19722819164983,187.96044390854144,203.05528469096848,221.77716223616807,246.50398318918405,275.4695623473776,307.55273437128,339.6544545173966,367.94701183610067,390.24210034701855,407.60956920692814,424.12436069201476,444.739550158085,473.0024386414499,510.13744735344557,555.4654923082502,607.287258736161,661.3749769704282,712.424614788712,757.0879632968619,793.337411676466,822.1406527740282,845.8339852357816,865.640559395175,886.8350483834571,910.1460994423805,935.3185931023531,962.7830273852715,988.6566195156955,1009.5279803450809,1022.4247685855448,1026.7081063915034,1024.3176736870435,1018.059884776081,1012.3908701897313,1010.5840532797201,1014.7554113811427,1023.0142465633583,1031.170971925159,1034.059360101881,1029.625327180566,1018.4855790316288,1003.9429650769928,991.7849842616799,986.1433679826974,986.1621303670215,986.6334415051568,981.7064988545611,969.2051425472424,951.0159207958541,934.6301089042398,929.9203596049622,946.2713547676485,988.5451240709289,1055.45386662498,1133.214075657357,1204.0064021469552,1256.8697586262517,1285.4657782980562,1298.2696658545974,1309.8140400538332,1333.5999728777977,1369.3712685844623,1398.2663306870854,1398.402194599265,1353.8490308804191,1268.20813655
7kg_16bpm,4AB,631.00461986,626.3945223537228,611.2412265757886,587.0319712265222,559.2235328141169,535.1409948824758,520.5893946334038,517.6044187573784,525.0813701844027,537.8911712456669,548.7553092068958,549.5218711439907,542.4825572274154,521.4889979516404,486.76156752852546,443.764334906525,399.0442811301382,356.6793483235478,319.90065388187986,289.3134346601057,264.2355933460257,242.58727094428198,223.61631345153333,205.55413068323674,187.42879636953543,169.56454028891312,154.408708278418,142.22749102142737,132.79350646401588,130.02641750304392,131.65297767456954,134.34111355245247,138.9236968537114,143.8254217757566,149.74042483731301,156.981341373792,165.9053539384469,176.74422345364877,189.7463285016942,205.87471379185908,225.6039514305353,247.93346122217272,271.1558856733113,294.67732040933527,319.6231543139814,348.8742108684549,384.32064424523765,423.8095918111215,465.14474574560404,505.89759393444234,542.805520126535,574.0295021109562,601.5778354862614,628.4325404017804,658.3641604466291,694.2305662838788,736.4385424637136,783.9378758078949,831.3347509044997,871.1575902894497,898.6798921423199,913.7619748436923,920.7507476266555,924.828668569513,930.1233766933136,938.0095319212691,947.4670608645982,959.0907434420762,974.3998427162898,994.1726624387289,1016.8352290574836,1036.3770772031621,1047.0119955222378,1047.5712717832225,1040.1272991422832,1028.2850786525019,1015.8652510843253,1006.863402731933,1000.913111218979,995.9628932804256,990.0132762859353,980.5925576104833,967.4348454722632,952.7085645519275,940.1952437282316,935.307053885561,942.8053645951293,967.9807073562165,1012.1274522510918,1071.602045367503,1139.394313298837,1206.3089420468175,1268.938327917427,1328.8409700754362,1390.0566775547745,1450.4872206377306,1494.9553965730615,1510.6212127647268,1481.6990987389288,1402.3220261752929,1288.61946055
7kg_16bpm,5AB,759.86411913,720.0610707455198,676.1110766,634.1933914061839,601.56630906,584.5119893129258,582.6767773800001,590.9358249491672,602.93045232,612.4669886391241,614.9775542399999,606.0288131326245,585.09450951,557.9995009156502,527.96435131,493.2367797735723,457.31621591,422.2796831723502,389.10640097000004,358.0611734367198,328.38875792,299.57130936822495,270.8178553100001,242.4632356130906,216.35972640000006,193.52591835606475,174.08271233,157.3123840252959,141.84678376,128.89149509604826,118.56649007000001,110.99331233519501,104.89163167,97.7498308038114,92.37561965,91.85941218661142,98.05316318999992,111.37397421614578,130.72025885,154.5580163563048,181.56206784999998,210.4702189810018,239.65772350999984,267.07568728534926,291.23230564,312.19145637208595,331.68331522,352.02065889992787,375.35866232999985,403.6986237441655,439.8321773100001,482.9714088434645,532.11887288,585.4338549781642,640.80233367,695.5671375144959,746.87387259,793.2340997955536,833.2343311199996,865.6692796617377,887.3349135299998,901.6282041403327,910.55884424,919.3003627584612,930.76542009,945.2242275634219,960.75681934,975.1087630910977,985.41527057,990.8961177419989,992.48839454,989.9044804187071,983.6728035000001,975.608761098989,969.0209655600001,967.6900076388666,971.8189115899999,979.0682010099481,986.49271424,992.6672657963325,995.3534049999998,994.604116612011,990.32158626,985.3114362053401,985.1625489999999,996.4427049427994,1025.1838475999996,1073.9116739115839,1142.5420313200002,1224.0045591973053,1304.87580307,1378.3127815397604,1442.0446296700002,1497.8327503501282,1551.50345223,1612.5751695510698,1662.8541241599994,1683.6655072167296,1646.1068943000005,1546.1158795227327,1408.50923519
7kg_16bpm,6AB,783.3554079,741.2474021086031,689.0399263111842,632.0259476527647,584.1222127116952,552.5751900034226,543.9668470956822,553.9806650116782,576.8016370320108,602.6774761326188,624.9695147841044,634.5910146729667,627.3355286854596,606.6394028934208,576.9676685138901,543.4781323881982,508.40751867423324,474.86651474303983,443.22258884385263,412.09422619033563,381.44110496,349.8835937132068,316.85216269637294,283.01226241073607,250.85920374397782,220.78897354456257,193.6662864866001,170.64332240750002,151.79384140637788,135.89672508687204,124.6142414081919,122.9652777415181,129.50261756210776,140.7584080632178,155.38136770961626,169.98259634012598,183.65796208852174,197.28214626943063,212.99090318492713,232.96311295357373,258.70140113,290.61818866700884,327.4526248757531,367.0094482319575,406.91770355756717,444.5119025495049,477.3541217362134,504.4994224255692,527.1979520771484,548.6046415707731,572.301535568749,600.8466166693669,635.5147912920203,673.5889247263254,713.4444994504861,751.8167840149167,787.0622134668391,818.5002820980243,847.257912532118,871.9200204698025,894.71434946,915.1470228638457,932.5642184710699,946.8733191590991,959.2282411762064,969.6680896041403,979.7578195475692,990.1168351096599,999.1447323188639,1007.0461585877317,1012.8169692535355,1014.635204482866,1015.0122823121206,1014.0960333171249,1014.2001847431904,1014.7685343080174,1013.8833146137696,1009.3801383314396,998.926624214336,983.1872647399491,963.02906456,942.0647178648687,925.0488381403679,916.1629284080127,917.1556134625037,929.079852208867,954.5795251868353,994.6779567886074,1051.6925310686102,1120.0541323236805,1192.796525261532,1265.1303281302517,1331.7431042821388,1392.1412546037282,1446.4426881214877,1498.0623241708079,1545.2873727461913,1575.1652226261483,1567.7895120157823,1509.246001099762,1409.16643021
7kg_16bpm,7AB,702.19603673,658.785495951561,617.9851908051024,586.1171231393673,568.6782760053821,566.8087577977368,576.6903285198003,590.0584813775381,600.1831153882956,600.5141125095577,588.850246349032,564.9062334634378,536.994855954915,508.93816426647004,476.857920303129,445.0277654863881,414.3287140304255,385.1969401579602,356.9579089146369,328.7790738532862,298.3000784717684,263.91991222045056,227.7052795170177,192.2726493991881,158.85668794818912,125.64134989,96.89628043781312,76.24830276178938,64.02823369632969,65.89482760245753,67.50392348406085,70.85254959002216,77.70137780605778,88.4680420435225,103.19143592291888,122.03776421828226,144.98404829529397,171.10193831061324,199.34885664092508,228.57956460029047,257.5427439045342,285.2921368784346,311.70482146372444,337.1582772164153,361.77584778028864,385.96234732834034,411.03442620518626,438.25298105803626,468.3366454770144,501.25082368216374,536.8083356,574.9348103446202,615.9421607079067,659.3980502083319,703.1071765239301,744.3175453592719,780.3630817576307,808.6995024573819,829.4203981202356,842.9565170684173,854.0453349199996,866.3606034456075,881.3748493242668,898.7932562272081,916.0605101626636,929.6921064991469,939.8123944004494,950.0596643048727,964.5944039393872,984.8895474357922,1007.2041998687803,1026.999321344532,1041.2630717688303,1050.6673582423093,1056.0388205410234,1057.96589648,1054.912129203796,1045.7892368777882,1031.279943249971,1016.7247320446455,1007.500917848823,1009.3028941222597,1022.506641738694,1045.6325108374904,1070.6308530337292,1089.152119877188,1096.4346641115287,1093.3237651735742,1085.4723329994722,1081.8113514073546,1091.8728122578473,1122.2262671332785,1175.3881379597346,1243.8348565971176,1316.5749607336577,1383.1151728685104,1434.1056293216943,1456.4661959844734,1444.9751548826366,1402.6618292552857,1340.41118235
7kg_16bpm,8AB,771.82268017,728.8876179333729,687.4476264902029,653.2040318658314,636.4588934906949,634.5696689700002,642.2519568204236,653.1674101218758,658.6782215457889,653.2377325112999,634.7621673199999,605.738953695462,576.3748300544123,542.9423093594175,504.5899085445007,462.44816920999995,417.69598210957906,372.30127107141215,328.63591045513493,288.7392604600215,252.65011174999995,218.91899960294612,186.95009174496164,155.44287381181593,121.93749201108682,88.79874862,59.121235168196016,46.10851410979958,60.27778889714923,63.048993511858036,60.17349798,51.7605825134094,40.56358433697706,40.184310140214926,63.59924520112081,89.01666772000017,120.53507306167148,156.916195494225,195.60894371824824,233.37245614973494,266.53134668000024,293.60098605598466,315.85052748638043,336.33597183110453,357.4403768201254,380.83730174,406.8380246116834,435.03064004824427,466.34577552111153,499.80256689485145,534.90839953,571.0253404770094,607.3340481653908,643.3157660206139,677.1783866519924,708.6295349700003,738.5070372159335,767.4545070908073,797.1946286738186,823.568355670396,847.73686241,868.4215648246834,885.3431686199724,899.3344745964296,910.9439109920196,920.2571054899998,927.9870609036661,933.1900218063214,936.3399607665692,937.6593835327643,939.65262999,944.2601097674554,953.3215765962917,965.2209802823205,978.7986154945486,990.06317562,995.3871496499685,993.0189567608664,982.7740289267125,966.7148719539938,947.1413805199999,928.8020973709464,914.5581586030598,910.0689845486513,920.7598282474032,950.4887752699999,1001.5637768043435,1072.2935118721416,1157.7506575573236,1243.2467269016297,1311.90944097,1356.6273858734958,1377.329205901991,1383.7284734846637,1391.7193565000794,1413.7329545000002,1456.3920481721998,1503.482146415146,1526.3322035402598,1502.8665382898446,1426.54042232
7kg_16bpm,9AB,775.64263411,718.8650897170446,664.60536647,621.3386893974188,597.35777188,593.283048988435,603.3147532000002,618.9708929477,629.59826791,628.1376381849118,611.71873924,590.6169715093899,562.4571641700002,529.3034916480544,494.94750844000004,460.9627442930332,426.89124059000005,392.2698343592227,358.08640326000005,324.3427291536343,290.09216476,255.36642594054788,221.88159474000003,192.22171490538253,168.75913685000006,153.09772261831094,145.23575711,147.3952100586994,158.09692537,170.73658259431838,183.16269726999988,193.71419427049125,201.58847115999998,207.8755705901372,216.51314958,228.79220638737598,246.7755806099998,271.7524704513156,302.73042244,336.8691689417063,370.61519668999995,400.7536206749518,425.5887069199999,445.5208114820517,462.49419149,478.93806274835504,498.04752687000007,522.054511849737,550.7695280099999,583.5414494503196,619.3912967199999,654.7734230848881,688.67039987,719.0894717954911,745.68910471,767.9792486458222,788.9823408400001,809.3903129442592,829.8100621399999,850.6319557464502,871.3644348199999,890.7921008240709,906.30424572,917.1669213706074,922.6907873100001,924.079915226842,924.21898423,926.7787160248564,932.85013906,942.9737471068723,954.36660993,964.8392958052759,973.3017260899999,980.3641932400294,985.8921152300001,988.1949825494386,986.6045032799999,980.845533705412,969.95773175,959.198694944141,952.6192821199998,958.5175409142466,983.12808777,1031.098688518793,1102.5894166599992,1191.862916886021,1268.8728228699993,1311.4846929730877,1308.32956429,1260.657833628412,1185.19080528,1118.6447376532785,1077.20518342,1077.1613482348725,1124.78813084,1200.283975118349,1272.2235587199993,1314.8415099522333,1321.57550827,1299.821649285525,1265.81510974
7kg_16bpm,10AB,736.51165363,704.6683285044555,660.5425227666094,616.8891755675104,580.9610679060924,561.1865234231396,557.316878845703,565.4499187987441,576.7370575892011,581.2680420567406,573.158856470483,560.7481205967018,538.9895915603965,509.92526385555186,476.9886987156103,442.178434475563,406.83709276333923,371.7440551700457,336.7009220741927,300.241265991361,262.383513749777,225.36348183564724,188.53123646622987,149.7005068160105,118.29415039315201,96.8911480444342,84.81518360215163,80.36580406456841,89.45733658708488,101.48522843254806,118.55349192033978,138.09663904484896,159.0438284279202,179.54702209621615,198.37614376262164,215.78191378549212,233.0237666701505,251.12790618506395,270.4678127843517,290.5877646792923,310.5031007620643,329.40283600158574,346.83618781591184,363.0322332716388,379.2062374837347,396.817461796743,417.1494613137414,442.258351940159,473.89746740717555,510.2679615848023,551.21822025,595.2315301162826,639.5420049351534,680.7791991734341,717.2405362083532,748.7928180285193,776.6589697166005,802.6740583145388,826.5038898047973,850.8357715233703,874.6146093297176,895.4014672942859,912.9540655480423,926.252727696835,936.6159004837931,945.250352024907,955.8057923385918,969.2270312290577,985.3532898079367,1003.021464163638,1019.9566325048355,1034.0356135314928,1043.256621727808,1045.770545854152,1042.3731633986722,1033.488195933964,1020.6071918565674,1005.2897760849964,988.738102524548,973.1718835406432,961.7005631517594,958.180885145706,966.3160453130724,988.1215796922742,1020.8826961842852,1057.518066994219,1087.926318686211,1103.258249608964,1100.2799596522448,1082.6931238263148,1064.1322604470195,1064.790187538296,1096.1794964681844,1164.6058886801754,1253.890538422924,1339.8025785173386,1396.1419697970027,1402.9469702007418,1358.4002984299725,1281.008899322354,1191.77255328
15kg_10bpm,1AB,1052.688584,990.45608787,941.96658843,913.7384966100001,907.03946229,912.58281448,922.7393265200001,932.0969151499999,936.38265125,937.6600761,934.86569658,928.94174909,919.42887081,904.08906359,883.92431078,862.66438202,840.8361718600001,816.1552377999999,782.8092503,738.71236647,686.5505044200002,630.90757373,577.11164387,526.80280498,476.0931842399999,425.302031,379.5905274400001,344.62715326000006,324.31454569,320.59438138999997,329.34713813,342.45889652,357.4437757,375.14939068,399.35704720000007,430.65983589999996,466.58269572000006,501.06795432,529.1215195400001,549.5297814199998,565.45102782,582.21538312,603.88901356,634.1412989899999,675.44979625,725.9004487900002,778.2904020900002,823.69084632,863.07805048,898.9204177799999,938.44464664,979.53766896,1018.12236286,1056.69769745,1093.68212889,1128.6265858400002,1160.7508627199998,1190.4702945100003,1218.0384190699997,1239.9882737,1249.4779102,1243.0003426,1225.67185085,1210.1341613,1207.3334196500002,1216.59267463,1225.75647625,1227.61938282,1221.5732075700002,1214.6428545,1218.7885066,1236.26055305,1257.91503447,1268.47552438,1257.66519711,1228.2109773,1190.73727074,1158.53807942,1144.39496753,1150.43795815,1171.56529101,1200.27463707,1233.72204598,1273.2811137900003,1319.81801264,1366.1930408200003,1400.5343677600001,1419.0357342400002,1421.9057845,1418.75967314,1415.5671927700002,1411.1184556500002,1408.35864447,1416.15978198,1437.98967791,1489.7912731299998,1571.38405624,1654.24036261,1685.34093405,1623.0973853899998,1486.44534661
15kg_10bpm,2AB,1069.25056976,996.9694257854812,922.877846073634,858.3372120254728,813.8314232278087,791.4838325799607,789.5123695836447,802.8944132441464,825.6817550305595,850.082989043742,869.23198673,875.4243274974476,865.1591347683003,841.1299661263781,807.075513070177,768.3733432304537,730.9891566037022,694.868762003264,656.1313134216781,613.7956903223915,569.0679599299999,524.522515207069,482.18787509381724,440.1476345205329,400.3304572208065,365.4385649531649,339.09358169838805,318.45257104919364,302.9586736358017,296.85735539182235,299.9130400799999,305.107985745608,316.78107981130427,338.30055973905235,372.38575439537703,416.24077562108783,464.35638813484934,511.10354570151037,553.7114855338267,593.2108481738263,633.7314046600003,679.4308592798959,731.4396109765669,788.4629866382536,848.2372060631927,903.1108084697903,947.0898618336661,978.3225770906132,1002.7349911736329,1028.2663188027668,1058.2618952800003,1091.5236688895943,1127.386801280791,1164.7360758850316,1199.7803465784366,1228.884683132662,1247.5830184805334,1255.5801039432752,1254.3728220839462,1246.4768690120306,1232.98068226,1217.9019770647037,1205.9988231887662,1202.4511990047788,1210.037464391964,1225.8133558191691,1243.0685572831048,1253.2171151842804,1253.0777238832643,1245.7986918848858,1232.55997902,1221.0083004939083,1220.4118109956494,1230.2217363155792,1241.9841183370502,1246.6479789536374,1239.4257888312068,1222.1533303103874,1203.648675058881,1196.859388478439,1214.1458157100003,1260.1171908735955,1325.3656411675317,1386.1601261826936,1426.7442472807484,1435.568493276686,1421.4930529597243,1406.3546714899746,1398.9951962080413,1404.001599272847,1420.14452818,1445.313279316949,1479.1541894831826,1519.2216407699973,1577.358003571643,1644.3256710760322,1716.3604732815957,1779.561663111512,1806.2194032775574,1744.3441109547707,1575.92770643
15kg_10bpm,4AB,1233.74360436,1151.0724631835512,1082.4766674888635,1034.6889084291458,1002.6382559156654,981.4278540645571,976.6738022175473,987.8496773616699,1007.0493320839264,1019.5612482461697,1017.0532078171042,1000.987445447402,974.6793177342703,940.7141651062444,901.5360202819054,861.335475619253,823.5620349102151,786.9200147859024,747.8915192810185,708.509035002609,664.98930133,614.5033709625578,559.6143151390315,503.9906671438139,451.9365221900802,406.77577684007906,371.1071693359581,353.57479497268827,349.27279909976824,354.4425398537441,368.89837816750963,389.84218254244536,414.65835897276924,443.3882734486957,475.2835115740319,509.5705602439675,547.8556190168612,591.1068753351774,637.9848855666078,686.3586081149394,733.1340574999999,775.5641063137965,814.9981774305325,852.0215319083732,889.1609658367946,927.1629875406626,964.3171842758921,995.2082239508463,1021.6372200590462,1042.4851698778014,1061.0676680538002,1081.741503221018,1106.3402390659828,1133.0587399124922,1159.4507744957718,1185.4120399506432,1210.5214555286893,1232.214801025757,1246.4211854687837,1251.8839514707186,1253.15552281,1259.6551091041492,1282.6753412953904,1307.3108757192952,1316.3557556421042,1305.5900667532383,1285.3738413067256,1270.233391314155,1270.5694585271233,1269.8699169492015,1254.1586752509534,1226.7975152286656,1201.1046837009806,1180.8695150013814,1172.6169745515183,1174.8539674647143,1181.9926376861079,1197.1458404687216,1223.4106786257105,1267.4268192123477,1318.4825164900003,1365.794953526989,1397.4613049941545,1401.5854630510048,1374.000361653156,1322.826640805027,1271.5132427708047,1240.204752034391,1238.1029846047657,1254.9513126315112,1272.3237396727802,1282.1465793066113,1292.1964453379808,1308.6735148155335,1327.458296569745,1336.3668455463041,1329.6859713491208,1313.4320122423358,1293.2054615551547,1272.8556616102453,1257.20721589
15kg_10bpm,5AB,1195.61877091,1061.4073509770817,928.6464957534894,825.5421789082035,758.6316236296345,731.3697530893744,739.0916401964862,771.732479887126,813.4779052664609,850.5424487830128,874.3749753676991,877.6046398183718,859.9439561247209,823.0828000066814,772.6420540010357,721.7429685404019,673.7532677967265,628.2920241327557,579.8761385078665,525.8861162474461,469.8175986991566,412.1506777262856,357.94120489844335,312.4059491217188,280.42383397646233,262.23722564354944,257.2192351481376,268.998224031688,295.8895697055059,326.3952411138683,352.7660716182372,371.724661421738,387.1946179246857,407.40643512042874,437.7846796506698,476.7685871154359,518.2284399515635,556.323297570885,589.5077848443829,621.5001325339006,656.0710533794422,694.0147329685478,734.3540600225269,775.4417455139398,817.1252007370608,857.7245134215273,895.8147029065734,931.5940172951862,965.2469444887453,995.3777742224016,1025.02908278,1052.088699405468,1075.2044486851785,1096.1406772451337,1115.6214810079805,1136.1132790250197,1156.2826490965654,1171.0862701497597,1178.16562697383,1178.3544526744668,1176.3231449101197,1177.099125407616,1190.6215969437121,1227.1063319921982,1269.3033357448408,1298.0977941600825,1304.946878878507,1293.0350157871749,1277.4225047351645,1275.8318029697255,1299.7809325791022,1342.3476732059103,1379.8262515359602,1392.7128300833404,1375.1943988080557,1335.0178299157724,1281.9955350383368,1222.2870246685607,1166.2433203337569,1132.2528100933039,1127.3406220706372,1155.3012532081686,1217.196542832148,1304.7691675798385,1396.4174338282621,1461.0417820930895,1469.5646676419385,1418.5120129031075,1334.0677455426514,1263.641522825417,1239.1641999826784,1262.5226626567792,1332.902722109575,1430.4208405283925,1568.2987468419733,1669.495861912462,1720.4228993358488,1722.020120288236,1681.7400238726516,1631.8095238725748,1553.51101807
15kg_10bpm,6AB,1055.38301506,980.9162170957891,905.8728023487927,844.4604262803223,800.9605424789657,775.9912504741249,762.2470205495765,762.7190389220184,773.606043428969,793.1816009235783,816.01349237,833.3444314613229,837.0151071837845,824.0934179600017,794.1855705789567,752.4507675616284,705.7045776611459,659.9194656488602,616.8933253151403,576.072580846094,535.6481154499998,494.9018027118802,454.492007860461,416.17152302327924,381.4682996626416,351.42846271604265,330.07776500960944,320.24910428021633,321.4585292459143,331.7921510025194,350.18246780999993,369.14794485324495,386.2086923776304,398.3388955237894,407.0125228710597,416.8235695785311,432.7651437860933,455.56837845791364,480.01666735684546,500.299528218888,514.7982677800001,526.3391511671734,540.0672945704667,560.8525582853357,590.6840015489679,628.1336550155172,667.9141522303869,707.8480380397327,748.9362008983808,793.1354909414002,840.97237554,890.9850977564637,938.9755983047111,980.6163907806455,1013.7536473214461,1038.6949174489398,1058.8142456505732,1077.0783843141658,1097.6884938813514,1120.4816389349098,1142.5580732600001,1158.9074185224388,1167.8617296328975,1170.1191416296035,1169.0819901329517,1168.018362085705,1173.5394595555224,1191.4906284320386,1215.9299602203043,1243.959646629527,1264.8646838900002,1272.9063409156977,1269.5266418143392,1261.482431969383,1255.1500718973568,1252.2601636788145,1248.163764412691,1241.5505940878295,1232.9506093994337,1225.3144521882427,1223.3405597900003,1229.4647833921597,1249.427239299837,1289.8416773863712,1352.7958368417735,1429.341185648809,1496.603133895885,1525.3099232312907,1492.932587003106,1407.6425685546003,1306.18421488,1233.019222015448,1219.994787328134,1275.6114419440182,1388.5864974267695,1553.338977794715,1715.5284658180576,1830.0897429728482,1895.501248760832,1885.7718077104537,1795.41552288
15kg_10bpm,7AB,1211.42064978,1137.7392877028165,1054.2364377324498,977.1833734475861,918.4981652473143,884.4088697333312,876.9249879920418,892.8445301086895,920.3727296022946,945.4387213872519,954.8709071661472,943.3944297641472,915.8265119182695,882.7896791874748,845.4073515502342,799.9465741234714,743.3872010451,679.0675994195097,612.3720480288167,555.6300903583231,505.06497820019734,459.4109780128501,416.53091553199255,376.1003693829506,338.6572463808213,307.7234144008181,286.25960614993454,278.3006768028333,284.88420905552385,301.4323774687161,323.30299792121656,344.5783296292997,362.66696027623084,379.1137396411715,398.8809627120848,426.16086936351206,461.0664352404697,500.4051781526323,540.7100213827121,577.6780004924199,606.9810999910715,628.8847564676281,649.7604836992668,676.8067486890526,712.7077533522153,754.8128584814513,797.9748881474917,837.17968841301,871.0692398336973,901.916718041119,928.3494571084119,951.7068142826733,970.3521496647608,986.5532161096271,1004.2564041543475,1025.9492088118602,1048.11613175332,1073.7268705272438,1102.9945256881474,1136.2185244608738,1168.0235986180555,1193.0942483576819,1206.1024975879056,1208.4995011454607,1208.4428565614032,1221.4502563105711,1242.7179014838407,1256.7578475019386,1258.075398032402,1251.5176854684355,1242.945715923254,1236.8348683802947,1236.1506611716486,1237.0364884136004,1235.2010287810385,1227.8529639393482,1214.4830500339003,1197.4769890744599,1182.2263712991592,1174.3622444840703,1176.9961180342345,1190.3488940553113,1215.517284323307,1256.8545030820121,1315.0169301918786,1380.3398964366243,1436.7954576339182,1465.15556524297,1446.7141002180838,1383.3035664853055,1302.9825556305666,1251.6279973330013,1275.6335286876044,1384.1072261248794,1582.3487873734623,1752.7676178259314,1835.0426327430007,1807.8605664875083,1742.7490865109758,1621.988159756001,1446.37725403
15kg_10bpm,8AB,1193.32547956,1121.6526199321124,1041.1602304582777,965.3478517412153,904.3691347629435,863.4894324220407,841.9472439968889,840.2920024954341,852.8899956429889,872.0323711125202,886.9131729634346,889.1469772454675,877.1729632685716,850.6792046800734,813.4789524080005,770.6936093563937,724.4999712127815,677.5821862356554,630.7913852680201,583.48752205633,535.6326846644142,488.4356318979516,442.5654718794923,399.7904126465463,362.8110935074791,333.73973634,314.4774067399289,306.07949373126473,307.31301903068544,316.50349716944464,331.4471709596023,351.47314255638327,375.6619719969379,402.593408557157,427.9711087999852,448.2290289370836,463.73966759708736,478.0317815856811,495.7624493594244,520.201003404315,552.4009877970253,592.1865649425418,636.3634957390236,681.433089294876,724.0671766477332,762.0113373481183,793.7741734985266,821.4219581653581,849.2781139939926,882.9925217119052,921.7068299099999,961.8485883270437,997.1008043833303,1025.0799481164584,1045.8857562806386,1060.8522551922206,1071.1616979563269,1077.522508674555,1081.3054953295114,1086.9606637977763,1099.5754824692976,1120.0614069436715,1143.6752794466831,1165.5501641176327,1183.4088563007456,1198.614609566901,1220.9795308017315,1249.799778311624,1269.2565656289833,1271.063838810205,1262.0140771428346,1251.200063724399,1238.165118226847,1230.9637465707513,1233.7338571353662,1248.0687570700002,1272.6988907376958,1285.5459505748736,1271.2969403925401,1219.1843188911323,1129.164935981111,1026.5538591329635,961.1525135644112,965.5530265882841,1057.8736211691364,1218.1626517153088,1376.9357884095903,1479.2515402389843,1491.4383083141447,1418.2978738309876,1303.263520170068,1209.662520499302,1196.9878370184585,1287.020287358116,1440.0483545887178,1594.8545859639853,1678.0255242033322,1651.4222581970346,1578.3210415154408,1506.9106320817432,1463.03890284
15kg_10bpm,10AB,1165.1758127,1109.3740943092828,1038.4291755726492,960.9370126427747,887.9074803453009,834.8989029336674,808.3454249467561,812.7012658124253,834.3062629544107,855.891645775942,866.4380171799999,862.6475919005577,845.5152839994144,819.6820306039438,786.9702437317173,751.3434760081908,715.4698631263444,681.2308008778465,649.3643308664107,617.7624032156583,580.8467550899999,535.1002025570671,485.4295747168324,436.40382243898847,393.31303536880426,362.5055510713994,342.13320324785394,332.3579684228623,331.19578151079514,339.2219715123284,356.30717861,377.4199781325999,400.5600128914067,424.22246602536205,448.34940242519764,473.5552054128873,500.69292826949066,529.1264884408444,555.8596840481262,577.6421766324206,594.1630637600001,609.1137975816843,627.1128017929963,651.2567729529324,683.0117489417977,720.8609582750133,762.8321868575573,805.9476427972551,843.862067718399,877.0784734716299,905.3358028299999,931.0777892854338,955.2545924959161,979.4947356653953,1004.37420589906,1030.5197193835668,1056.4998783497167,1082.7760764309537,1108.4119113728977,1133.0291986204286,1157.00683822,1179.1439661874315,1198.176818564773,1212.9138280991438,1221.9373098819497,1227.5402497893115,1234.2403905474555,1248.1413733224488,1260.3395669117106,1271.542054329952,1279.9971189600003,1286.2320629683466,1290.0748612205837,1289.4324125056426,1281.9228120305966,1264.158349221568,1238.1895368608648,1212.3927499005024,1194.0633293495985,1185.6453077973026,1184.57630677,1186.0961467530133,1188.0064640826347,1195.1499100585477,1214.5776868200874,1243.3855943398185,1269.0598612850272,1275.7983579492252,1257.7873411640983,1226.700708973013,1192.30173193,1174.8908319356394,1190.5160175879282,1249.1262880087766,1354.3764552573964,1509.674712184549,1619.0256296747318,1654.735066259002,1641.8882916105674,1623.2777908758683,1577.93609952
15kg_10bpm,11AB,1224.91306257,1161.275947233299,1079.6663870316224,994.7490621563686,918.9339238824302,860.7068113719424,824.4435880726849,811.8326701079607,819.5173111804406,841.7688744514326,870.8897505472644,897.4175075781369,913.5589824038773,916.4050753839576,904.5488260987121,878.135524727267,840.3560928538157,795.4118872406791,743.9457273179214,691.0380744657298,638.0639962672487,586.8037879255284,541.821669726787,504.39844828160324,472.4306442767593,443.99611380000005,419.3662096753144,398.66677985436365,381.5455364426693,364.1617847811216,348.1806388751719,336.22080571551516,336.5393502589668,346.2961222547816,362.571890672793,384.3379136063439,411.76999599161496,442.07912137974205,470.667983239989,495.7035174068617,520.4765745956666,550.4361960219901,588.8140527619466,634.684769629474,684.4179315902807,732.7984413293199,777.3147732462623,818.2741837192111,856.8167947552955,893.1973682180545,924.51181926,950.2323507193161,969.4313125188398,984.4029425026929,996.3780593602102,1010.9090319114334,1028.1970044443287,1048.6606690399076,1069.9888647415717,1090.6951573216004,1109.3136950201063,1122.7865563310527,1129.1789180023159,1128.6670258306121,1125.0485671698414,1120.775223893474,1115.0547681942337,1110.4666826870687,1118.1228689206634,1147.1049352030657,1195.0188528716074,1239.2414820012204,1266.7849030710747,1280.6847828781579,1287.759266658793,1294.0864320899998,1300.1125348341666,1305.697308086133,1304.0925781884057,1288.9266366116547,1255.6508706071183,1203.59957596234,1138.498449165066,1074.2081390198114,1034.9912414888443,1051.2977364417645,1144.6845392027944,1304.067503969143,1474.6899054385692,1591.3762037076835,1591.0460351242202,1473.8988198888312,1312.611591815652,1195.3683332577225,1181.0940192716844,1264.0128470862487,1390.004285974827,1510.102428911502,1596.0660885662928,1647.4997508883257,1650.83342805
15kg_10bpm,12AB,1064.24034709,1004.5241354798346,913.047887900236,820.5695993707177,750.9813626730702,711.5591540617327,699.2559065660581,707.617798102807,722.2709210414803,738.3975446644891,752.0962935052188,760.6618910372914,764.1273008376583,761.3665278663238,747.3961594224562,716.859721305276,669.1722763636926,610.4926680562876,552.7593919980524,509.5859932253375,481.70629382000004,463.9517387252924,450.53142077033584,436.5920051868977,421.23811423204,404.75791627417635,387.684067157059,370.0589265874462,356.2741222306522,350.3439176207692,348.88626635022496,351.63388661305976,359.5110185993666,372.4592959954991,389.45574384812414,410.6888424553114,438.8487814854886,475.68470879001416,518.3669021036328,560.4692846706286,597.19869758,627.9890360703212,657.356103140282,690.5794864286089,728.8469694440232,767.5283876634303,797.9666334720398,815.5704278763852,823.8738118281169,831.392175845745,850.0881685778804,887.2584204500537,938.0147857720889,990.6808544958694,1030.6065913055195,1054.7210725968641,1074.174779253861,1099.2667215912386,1128.7843337291833,1154.047399922364,1167.5690893400001,1169.070489888051,1164.1952970600983,1163.2539547674717,1175.533932756692,1207.930865663174,1239.721796166423,1252.389907762874,1235.8443289787533,1202.943963577904,1177.9795727697658,1173.7497635156253,1181.3169331179383,1183.8888709292135,1166.371039469586,1134.7880140770692,1109.8872042999906,1104.63059049321,1114.0265729455084,1121.833275140975,1120.6416997700003,1122.0664632904072,1144.7740957330657,1194.4719824718252,1259.0635132590508,1310.0985617388098,1318.2336065793231,1266.0427458781694,1174.014903175489,1082.117652142905,1024.278186678545,1021.7839009458488,1082.309686481662,1193.9215507164133,1329.737649545171,1482.068871428903,1595.228088106087,1589.3624805688617,1461.9561511638333,1324.064703113541,1190.45097148
15kg_10bpm,13AB,1064.0416978,1024.6496718573853,989.6495498502607,957.5413378891487,924.2402201794233,887.0495948656048,847.8015801396947,814.2646558159668,794.3972345078748,794.1798364374696,807.5297511030923,825.4204317591168,840.7628327325638,851.8443492202055,859.3688796521562,861.2685400941243,852.9136920957519,829.8829694508538,789.176351374414,737.5031526033123,677.8853823597832,618.9931005524378,566.236207108469,519.9415476927518,480.0052196197989,449.0261205848468,429.3113435732686,421.4978295859753,420.91678280194355,423.31162794740374,430.0002986510245,429.7384712966831,423.5622904276206,417.2725653588139,416.73650019989753,426.22632264825216,445.90607345668957,470.53936092858265,491.88369394627233,504.7443841195095,509.15814697601587,510.93607677986006,519.0704870173737,539.5550245352491,572.0487261308803,611.987642153008,653.4168037260001,693.5761595987387,735.9709160609941,784.9962947624283,840.1077910670842,898.5907574945529,956.0518499983825,1007.0498569324272,1048.6708284229146,1082.4250677379296,1109.0233958877307,1125.2714889668941,1134.8578123711156,1142.62568141857,1152.1420381383982,1162.8276578614984,1171.5923377080042,1175.738983799187,1174.4610811589198,1171.0581725105992,1167.4993932485556,1165.061650101775,1162.2174366244537,1156.2029057343248,1146.8346805124859,1139.4589080834076,1138.1253753961198,1161.7307584645582,1195.5144074340867,1207.2598866842818,1196.4000027907575,1176.1095069722032,1161.9627556835796,1164.2395391542627,1179.7094201411514,1194.1745704499613,1189.9252594979928,1154.431067433614,1096.1350602570485,1047.2914486222285,1055.3925302984865,1152.6160398280701,1317.9024622174306,1490.9420493583202,1595.5974224781803,1565.3817116393882,1424.7324027658171,1275.4209950317622,1217.9181922460937,1283.3808075911422,1435.3556650298171,1600.636771336519,1726.081249792044,1746.9993572622648,1656.26597056
15kg_16bpm,1AB,1077.00461034,971.6551384091413,893.2449272865875,852.8684215241027,847.0837106565607,865.3893644794026,891.6795910951216,918.5125068901624,934.976064004421,936.5635642703893,924.87745559,903.6598252223571,879.3333814629642,858.342387789797,843.1470175530003,833.8444100692526,825.8002836430793,814.8299089951006,795.5810080779006,766.7034339450364,729.5999927799999,688.0243816455462,643.22822516033,600.7495058350459,559.5974214290884,517.2950641237491,473.48170426202626,428.57237346302884,382.18161918870044,334.7930239792959,290.13150533,259.2561762407977,240.76638787442758,233.39195748787463,244.2524511189993,267.0064911085367,302.14808093742334,346.57940156891783,393.29938986585256,439.71557752837856,481.60394457000007,519.5683294618125,555.2033519180345,589.6335106317989,624.4090343958867,661.9008441729537,704.1938250807035,751.7448381950956,804.0078006866667,857.8957112055263,908.05715653,949.8573900980717,981.920339067699,1005.4583516248709,1027.3194222300442,1054.6292140098813,1087.864903364537,1125.4453949489268,1161.5170194589662,1193.659908752665,1220.6909267800002,1245.7150247692416,1268.3038526207952,1286.5082566353979,1297.1454829396425,1298.1472183757676,1293.5921983631977,1290.1834712057853,1292.5768510236242,1301.3921752248393,1318.33695363,1331.9514907771756,1329.2576597396026,1315.4690048520986,1300.8922230608625,1292.6515477279845,1289.4948675307094,1281.2033831135373,1256.7811661399337,1213.0202135759257,1155.99383609,1096.4128710735906,1044.6084612881243,1009.6745767253176,1002.451395011348,1034.8164621170424,1116.922390075719,1253.1820494156952,1425.901026687188,1608.7046203672355,1765.78531618,1875.176486209265,1912.9125013979435,1894.8650584260963,1862.4624352670062,1845.7937082059966,1835.4618388238243,1806.8229438311307,1700.1264288955995,1504.0016542099513,1295.33360377
15kg_16bpm,2AB,1195.48322554,1118.0621434377845,1025.1318061827265,931.9890276586593,852.7464350273077,794.0383325136148,759.2313759660793,745.9342543038504,749.6609076497091,760.7546066635249,768.2359538906541,765.4981500797601,756.6267284107066,742.3122980442927,722.4065588426597,697.997754660494,674.2661560686477,653.6126993481829,634.6711936920259,613.0617185495431,585.4955313626932,546.8709269353571,497.26109641722707,441.0543684068946,384.4075334273479,335.78530804,298.0381102607714,270.11635979848614,253.2254179514372,244.49163048099373,248.6319354881299,260.83306597133816,280.0217739319383,305.22869925444905,335.46193582556947,369.2101961969226,404.31576349719336,439.04471853266193,474.79569529535235,508.29409172460146,538.8238148340644,567.5761216950666,597.4184967158016,631.3537106742847,670.6258096348998,714.8277823393029,762.9284112304966,812.9792225410035,861.6909564134397,906.9049548296665,945.2616826799999,973.6997621247548,994.8982156283575,1012.0017124211546,1031.7161436301658,1057.3601591867382,1088.8445770587032,1123.5816981105747,1155.9422837880459,1181.63407955618,1197.324848587597,1205.8363210035066,1209.5660465637447,1211.1375848790788,1212.0356025487001,1213.2128561788759,1215.2509692867702,1220.2408287960438,1231.591528246467,1260.420564922386,1296.956989917176,1321.9000816222017,1332.2314414007153,1334.1687554844282,1334.1392193233044,1341.5789956499998,1356.3637856788368,1369.9283926188916,1372.0634359381925,1357.355661318552,1321.7997409048003,1271.230038662154,1220.381556884526,1193.117415167208,1208.4848582162747,1279.112917482528,1401.7106833702392,1559.7771653665104,1724.0612790922992,1851.590204820089,1902.1683572797137,1873.3712381304508,1825.5581975015923,1832.6756028562513,1925.9104500414928,2053.732204972662,2153.219574712442,2151.2062896580796,1979.144656290724,1702.5761102471565,1449.92170073
15kg_16bpm,3AB,1011.66933668,935.4395878316179,864.5667910166713,805.4163805349067,764.3378472528107,750.5191584697344,760.1477419808983,787.8952025308707,823.7791497938542,854.9528118522271,869.4049776505717,862.7420293347453,837.656786947037,800.8129637699697,758.5641532734292,716.4460749590793,672.8472824912149,629.5327248452114,587.9074677867584,546.0904641255361,504.35131087593874,463.26716041077157,423.33687357816206,384.34765220460963,345.8382337686991,307.73980106427763,270.6987158857905,236.064905152613,206.1689472791312,183.84413648183542,169.07555069047365,162.6759688939216,165.20011525654044,175.9698647137402,195.53317742963685,224.51295941776814,261.2407045908176,303.35188690948854,346.6713314352193,387.3308112079728,422.6968436418407,451.9722099785262,477.72289061234244,504.38230726037676,534.9164052398246,571.5813400873186,614.1800809363184,661.5463502732688,712.6076173794181,766.3782442508941,822.5283518399999,879.8411926597421,933.8864045632886,980.5960497305738,1017.282596395641,1044.4067389659926,1065.391042167527,1084.1070676387012,1105.287399998522,1129.6821591968373,1157.4166709811955,1184.763031735867,1209.3567692701251,1228.191761656772,1239.9155444990322,1245.0638191658497,1246.980121183521,1248.3010338032343,1252.069079148861,1258.5866053957316,1267.277816024111,1279.1452598694616,1297.870663352802,1329.044913207521,1374.7950747480404,1416.1681386777698,1443.938025738251,1451.33895910136,1438.3034284858893,1416.007985820145,1402.3059934427063,1415.7157787043457,1467.862828608896,1557.745351191615,1673.4745235896082,1782.622915667641,1850.727839117106,1846.0873907496316,1746.3881177709727,1596.102441183461,1461.6778396676127,1397.5705762751882,1436.9210995767514,1580.5606970528063,1798.2852124843237,2060.578258900716,2179.3776101334875,2151.1536383291595,2020.9163819079602,1792.4761886914416,1582.71167485
15kg_16bpm,4AB,1108.95875667,1047.827290666369,988.9063015390219,939.5629099978389,901.2409757718602,869.304137752439,846.299855648049,828.4932851154056,814.8965378044721,807.0853970290455,804.9305749330368,809.5974982542571,817.9866713684338,824.0990908984261,822.6916924409376,810.568090815103,791.6913958181998,764.2843473181446,724.6932844453885,678.3135849990557,629.5367026844202,580.261668329492,530.9313422154293,484.46842626787685,443.23303815748835,406.6516410209422,371.7552862874277,334.68585126802736,295.6878716240485,255.87067439976556,220.49786590491894,196.87073832436536,182.69161656354845,178.86173262193375,185.79662629475823,194.6552215177329,207.10590835220802,226.9463716871917,255.65801730919287,291.02447581627973,329.37177499239897,367.82255637028607,404.67496461652803,439.08733743686724,472.8589453760568,506.35167800236815,540.9893130749568,578.3072805918465,619.726076211479,665.2707401848401,712.93471757,762.8193014268959,815.5318302048845,869.9588631818473,922.8078534897867,970.3094090802069,1008.5490902950382,1035.3426930727985,1051.7448008975252,1059.810816237016,1063.8375012046622,1069.6369800883751,1084.796059312023,1109.7600374709893,1140.0437903831155,1169.0185521638905,1190.0011438246577,1200.9416020680258,1204.3381495382669,1206.0642132512587,1209.0447368075622,1215.65748526733,1226.8700795377729,1247.1950528785458,1277.149286943821,1316.764249925094,1355.4645346421307,1378.4153714920851,1377.9293864899166,1351.9311668364103,1304.8982763209754,1249.1790047227705,1201.9148736325196,1180.3046147049347,1202.2354967491842,1280.6901698878194,1415.3853384475221,1592.2550553380254,1781.3397938013873,1960.0984064108313,2065.322533978188,2067.8877834341624,1999.8889669571254,1921.0057863268407,1889.6327568700485,1926.5621675810978,2003.6851702947438,1999.9806881584757,1881.3540967803797,1658.5580172113744,1434.04867824
15kg_16bpm,5AB,983.58262577,910.8262301040102,847.7568938964852,794.5394570904718,759.9131130351797,739.5038214965874,730.3030410855503,730.5104259421374,736.1857425979399,746.0932711602634,756.5359954279611,764.637053058905,768.9025703748684,767.2586174447515,759.9092234278544,752.2022946748962,739.008629385933,716.9040325519177,686.4585664813109,650.0058473485026,611.7971262582403,572.7187442525417,531.5866815417457,489.5728878613418,447.435172040169,405.6065947100001,363.9607194078746,322.80884540483754,283.70836315505613,250.6400154909633,221.60702306416096,197.91967814466545,186.35405525684357,184.69599073823798,193.1389756751288,206.41837519181726,225.54844446918744,249.98790249059468,278.5263758843354,310.0430882526198,343.95589960619077,379.6600561817105,416.93853179039144,453.43043942431234,487.4002347944121,518.7883435319679,548.569750885652,578.6685891127759,611.3334140374143,648.2199720950259,689.73137092,735.4877971725442,783.9556853126954,830.7434546178363,873.5032283667117,911.4735334247075,946.1389511400499,978.1473584970788,1009.4730079901954,1040.4068629727542,1074.8799806908114,1109.7960101290437,1144.8710553576864,1178.4194461392963,1206.6716761443852,1226.0290263525892,1235.182116262338,1235.9337013462844,1232.277954268176,1228.784198464136,1228.7929930647724,1233.5442040147968,1246.6329515683049,1260.7842088922523,1272.2987003095304,1275.67602653,1270.366260525649,1259.2995002383918,1243.782803054077,1227.6430514808476,1220.6702238318396,1242.645101578724,1316.9619887805602,1452.3328859895555,1646.2200047708147,1891.6109474625691,2174.416486742215,2370.700590353317,2405.73622600022,2276.6750750954184,2040.700872593498,1829.762002139953,1729.6238243868067,1759.7206879979622,1870.1578770606898,1983.6918651467597,2030.0463396081248,1959.5579282355839,1798.8029301952056,1612.8147237729343,1439.34564209
15kg_16bpm,6AB,1151.14530444,1040.577187275986,933.6013418037932,852.1159004820572,804.7753597601908,788.4541840139668,794.3670025759286,810.8847179261205,826.5422497476695,832.8522709922509,829.2023378709135,818.1412545670235,803.5419928156109,785.2734113060731,773.0597468945731,749.663073080746,710.7886708130732,659.6455923246767,601.5071228898876,541.7994808306804,484.71715013294425,432.9418885502872,386.7391085346166,344.0627491255942,301.95405673014096,261.66504876128846,223.89827749742906,192.07820428682487,171.7483302953767,162.36971380639602,164.17916822080485,172.41100653712886,185.81051672502042,205.6159061473618,232.75456341694058,266.6729798430531,305.91633731022785,348.31791112980454,390.95899939929365,430.8729843672618,466.2832478153316,497.54595895523096,524.8109330282799,548.6481244093723,570.998981175921,594.3861872051585,620.6922111075802,651.065932179932,686.3706819704817,727.2484882309653,772.570199317428,819.2339159638411,865.4130585722263,909.2230407425595,949.0683982762926,984.0495144670946,1013.6348904749386,1039.6324331243402,1067.1823141869886,1103.1329601163031,1148.480602356286,1199.9901089706566,1251.4555685127605,1294.9961408708891,1325.5652769898252,1341.6768319972662,1344.4388607293165,1335.1039412667094,1315.4915116315792,1287.833090833142,1257.376911599077,1233.3421617388358,1230.2588531202637,1252.131265675861,1290.8027589794488,1336.5839366915923,1372.8716368477226,1386.6727740254037,1369.174308763074,1319.2225311850736,1246.8389459196442,1172.230513602625,1116.2519004285234,1094.8900295084234,1119.5156880169143,1194.544449430068,1316.7789778643662,1468.5334570129357,1626.3653718928103,1758.1606195936417,1825.5336221017817,1811.5794347245146,1738.2167977409154,1673.5016005085724,1680.4685502906989,1781.6930031590864,1980.5002362391049,2062.577436610938,2010.3965163467062,1853.4536108334325,1677.71087801
15kg_16bpm,7AB,982.31672344,879.6621895094828,796.0639826999278,735.4775797404543,694.539853137598,670.7231207687361,658.7171377113635,654.8418395744137,653.3098667946124,651.3550966425238,648.161562678519,641.7522730866949,628.7089313742862,607.1227590697422,585.0528443334699,556.9686345487137,526.5694781113518,497.272793665708,470.4947242519953,445.11020901652876,419.5155194133362,393.4579490129229,367.5705350279123,343.57579803516813,322.394054938357,304.6904656758552,289.9026303786272,276.90923086797255,264.5044967470512,252.04586471409073,239.20844420954054,232.50988042617874,235.44720093653197,245.32308829568177,261.7053985820552,279.55739960997937,296.60799539404144,313.62333471119626,332.342334614858,354.5813386098674,381.80947142975396,413.7101042883324,447.77095372027026,480.5513626923672,509.65311883131056,535.4686606365361,561.3855317198445,591.1145100718085,627.1206627262925,669.2544850553554,714.9663611042452,760.4798273607893,802.4145342864306,839.6143476149614,872.4611190553022,902.1153981338072,929.6503198708549,956.192526114271,982.9965316657812,1010.2492362200104,1038.996303829811,1070.2175743215623,1103.325065712309,1137.8389750712827,1168.4150469075341,1190.9303312080365,1199.8247059302457,1196.5894967472689,1187.9456491152396,1182.6299509642492,1186.3112733671421,1199.6867824038495,1230.8632722286222,1273.0666033757589,1313.9422037427048,1336.9464654555193,1339.2412909212394,1323.4894431130142,1294.3745110979235,1255.562556384709,1213.822517462325,1177.780894820194,1157.9100284508386,1167.7786050643542,1221.7070742404308,1328.8400532506087,1486.9834193664512,1683.8943881880498,1895.735962504232,2075.0428807796434,2151.447161467406,2115.700696493219,2020.731227397656,1926.5998015177827,1893.7993512448845,1898.5471183496427,1917.403629493712,1891.2994308567436,1764.5002464349593,1567.6231110112637,1373.16250743
15kg_16bpm,8AB,1043.05237875,942.2332805095264,845.6940173726598,768.6812947602144,719.975402875234,701.6443760160621,707.9625538738767,729.6676010900384,753.2032396769871,769.1004942189157,770.6367197677552,758.0473238622922,736.3041737546727,710.650860829302,685.2304971242195,665.3742578596328,639.8571551824377,608.0553767073757,571.4935941904373,533.3132793680052,497.6830360593306,464.8071522990433,432.6146219794856,397.0232687321219,356.2865034896403,314.00750445,269.701142751234,224.78393154357138,186.97713277807463,164.60778992457136,160.66044234324102,173.11864166034002,197.6025017008549,230.57766102308335,266.15014278218786,299.2264864044091,328.0233408233672,354.0754831649501,380.4463272073357,409.56882658504685,441.8505244741197,477.32457422982503,514.4875476209803,551.211626171412,586.7535226951186,622.3601824671808,659.7469073754643,700.0539131827416,743.3173745022607,788.488207713971,833.3868361,876.0238811716338,914.028667711438,945.4535018096706,970.092728534929,988.8534962808445,1003.2216030113867,1017.00432390538,1032.7621695684818,1050.4537090549995,1072.1814030482494,1095.2872187647392,1118.127492597322,1139.2992789095263,1157.2534662125881,1169.2231062912558,1174.7571170048323,1175.450897169528,1175.797690445898,1180.5939275420956,1193.1285906340895,1214.133307435051,1250.3495366767982,1287.1623959518254,1323.2102487128866,1350.75716825,1363.8643920839945,1358.5088357599338,1333.1304867449403,1291.439617436781,1243.6975097684776,1205.621318662266,1194.9916657716994,1228.6671114839053,1315.404621146292,1446.4353662936685,1603.4147085641268,1750.8559285794568,1852.1615238351033,1878.4171248577848,1819.7302943852394,1716.5318487240188,1634.815592460306,1625.9547558663753,1719.224604657739,1888.684888464579,2037.0640815823392,2079.5977989129915,1933.5697430597443,1740.853008343951,1479.01312433
15kg_16bpm,9AB,1097.98220872,1019.286025857902,929.2386564317745,843.8083717528452,773.4622360800698,726.3894739287052,708.2601710627546,713.9381676999415,731.2425012614796,749.3905487742074,761.9035018161402,765.030976273737,759.7869730689138,747.5410626108287,734.4562900203458,724.8694756808925,710.6132987506905,690.8753281623233,664.596808293951,633.2953448611242,600.1937187079632,566.7410593045707,532.9574699294782,498.29445032104576,462.63182989840675,427.54406495212925,391.14239777562835,353.6332937279383,315.3699967912011,279.41714349486796,252.39800130383577,238.28839728711932,237.66708302546198,250.93876378588132,272.50807722952584,299.3714541397715,329.65446752951937,361.2273440096047,392.06160958909425,421.63977561171413,449.1737995403926,474.7452462840161,499.675755982695,525.5248092595169,553.8390202089168,585.6972638717943,620.8471097286359,657.6829936718541,694.815336709225,731.2986343143932,767.0701330068271,803.2406551781912,840.2114988161226,876.9818409610641,912.7299405931345,945.5259228329245,977.2825998303025,1008.8494135391768,1040.1296115684108,1072.3958411423596,1105.796811531754,1138.6108161959753,1169.6538489839052,1198.0097673012,1219.3818119852244,1232.2648336030252,1239.0488421267414,1243.731843050547,1252.8548972959475,1270.0877525381215,1295.8089829556695,1336.9647588211142,1382.5922974534756,1416.0911122333691,1432.0382632041644,1431.08129260542,1416.5897986544821,1391.8205158732712,1357.847788560278,1314.3002178130948,1262.6114230021694,1208.3442720587982,1164.7282952080814,1149.782223222517,1180.378392308997,1263.959460268275,1390.4015969908426,1537.4194125841182,1677.7729692435262,1795.0551025946322,1872.2468481908254,1905.2584292351128,1929.4277793963208,1980.3473941117309,2062.097639533963,2119.7216105915486,2134.549369223105,2015.6075005641596,1825.0184269794386,1584.5598052384335,1340.25298221
15kg_16bpm,10AB,1092.66544973,1004.5284953525904,911.0837132132365,829.0494677129041,768.3150077643857,736.9693953355425,727.3481664203465,732.358251178417,741.266536927296,744.031537450548,736.009969400851,719.2266380390133,699.6925836750725,680.9499056642868,664.0482612111592,649.7665369901823,636.2281672947811,620.456816195805,599.6815797084294,572.6752823616134,539.1166161922048,499.43582305059374,455.19655022681883,408.88846536406993,362.8378182422453,319.36021772999993,281.4332710504622,252.33134627620174,238.23335870331056,234.63626774626948,242.61687763941734,259.92463386529255,284.40357077967144,314.05875698052915,346.2842188638725,378.9503309026837,410.9233941745395,442.38529764486907,474.53176517719737,508.5480958446148,544.4776322915836,582.013919048412,622.0118321172379,665.9972039994224,714.9628191725927,768.7724696954413,826.0880186014606,884.549387124253,941.0995790826141,993.3438157974108,1039.6356577300003,1079.2111016409667,1114.50780307083,1146.2451563721777,1174.2686518210426,1197.4227121878932,1215.9399586398722,1230.0614808338419,1244.9639609812914,1259.8698972403856,1274.273548581039,1285.7910731460083,1290.6664238886374,1289.023095874059,1283.5396607367702,1277.2234953703585,1269.9203842480454,1263.1389491704015,1260.0803141199192,1265.4622852458776,1276.585412207745,1293.2046167335957,1316.4840933200596,1338.387895188116,1352.744084090747,1357.94585497,1355.4820717838243,1348.409617534216,1335.2501468682538,1310.5478846776307,1272.1920047877522,1230.8141338608607,1201.0999720341738,1195.2559883144047,1215.8132709490785,1253.422369571975,1287.5884085615617,1306.5367275478982,1329.6090595578878,1397.0924671889336,1509.7601168447084,1639.1928267325309,1739.3706819215968,1778.3364564120068,1780.1734919766182,1804.343712099544,1873.3253263659208,1988.962792306844,2020.2323059817622,1923.3624117618951,1709.34533429
